01002
01007
01010
01029
01032
01033
01036
01038
01039
01056
01057
01069
01073
01079
01080
01082
01083
01088
01093
01094
01097
01220
01224
01225
01226
01227
01236
01240
01247
01252
01257
01260
01267
01331
01337
01338
01349
01351
01364
01375
01376
01380
01420
01430
01431
01432
01436
01438
01450
01451
01462
01463
01464
01468
01469
01470
01471
01473
01474
01503
01504
01506
01509
01515
01516
01518
01521
01522
01523
01529
01535
01541
01542
01543
01550
01562
01566
01568
01590
01611
01612
01720
01741
01754
01770
01773
01775
01826
01827
01830
01832
01833
01860
01879
01921
01922
01929
01930
01936
01938
01944
01949
01950
01951
01952
01966
01969
01982
01983
01985
02025
02030
02031
02045
02053
02054
02056
02066
02108
02109
02110
02111
02113
02114
02116
02127
02203
02210
02269
02330
02332
02338
02341
02347
02364
02366
02367
02534
02536
02538
02540
02541
02542
02630
02631
02633
02635
02638
02639
02641
02642
02643
02645
02646
02647
02648
02650
02651
02652
02653
02655
02657
02659
02660
02662
02668
02669
02670
02671
02675
02702
02715
02717
02722
02739
02743
02744
02748
02777
02779
02790
02801
02804
02812
02814
02816
02817
02818
02829
02835
02836
02837
02838
02839
02858
02859
02873
02876
02877
02878
02879
02880
02891
02896
03032
03033
03034
03036
03040
03045
03046
03048
03049
03055
03057
03070
03084
03086
03220
03226
03229
03233
03235
03238
03246
03249
03252
03254
03257
03258
03264
03275
03281
03291
03293
03303
03304
03446
03448
03449
03451
03452
03458
03461
03466
03467
03469
03470
03570
03575
03581
03584
03585
03598
03608
03741
03743
03748
03753
03754
03769
03770
03771
03773
03774
03785
03811
03819
03823
03824
03825
03827
03838
03841
03844
03848
03850
03856
03861
03868
03869
03870
03873
03901
03902
03903
03905
03907
03908
04002
04021
04030
04033
04038
04039
04042
04046
04054
04061
04062
04073
04083
04084
04085
04086
04087
04090
04093
04096
04097
04222
04225
04228
04230
04236
04238
04239
04250
04252
04254
04256
04257
04259
04260
04263
04265
04266
04268
04270
04271
04274
04280
04281
04282
04284
04286
04291
04341
04343
04345
04350
04351
04355
04357
04415
04419
04429
04444
04456
04468
04473
04474
04496
04530
04537
04538
04541
04543
04553
04565
04573
04579
04605
04609
04619
04637
04662
04665
04669
04672
04675
04690
04730
04736
04738
04740
04742
04751
04843
04849
04850
04854
04856
04861
04865
04915
04917
04918
04927
04933
04937
04938
04944
04953
04962
04963
04967
04972
04976
04981
04992
05001
05030
05033
05050
05053
05055
05060
05061
05073
05089
05091
05101
05141
05150
05154
05156
05158
05159
05201
05253
05254
05255
05301
05302
05303
05304
05346
05354
05357
05443
05445
05454
05461
05465
05469
05473
05477
05494
05602
05641
05649
05654
05656
05657
05661
05662
05663
05664
05665
05670
05671
05672
05676
05677
05678
05731
05736
05740
05753
05765
05768
05819
05823
05829
05830
05848
05850
05851
05855
05863
06001
06013
06016
06018
06019
06020
06022
06026
06031
06035
06039
06043
06057
06059
06060
06062
06071
06073
06075
06076
06078
06081
06084
06085
06089
06090
06092
06093
06094
06230
06231
06232
06237
06238
06239
06243
06246
06248
06249
06250
06251
06254
06255
06262
06264
06266
06267
06268
06277
06279
06280
06330
06331
06333
06335
06339
06351
06353
06354
06355
06357
06360
06370
06371
06372
06374
06375
06376
06378
06383
06387
06388
06401
06403
06404
06409
06412
06414
06415
06417
06419
06422
06423
06424
06426
06437
06438
06439
06440
06441
06442
06443
06447
06469
06470
06474
06475
06478
06479
06480
06481
06482
06483
06487
06488
06498
06524
06525
06612
06704
06712
06716
06749
06751
06759
06762
06776
06778
06779
06782
06786
06787
06790
06791
06793
06795
06798
06801
06812
06840
06877
06883
06896
06897
06903
07005
07045
07416
07418
07419
07421
07422
07428
07438
07439
07456
07461
07462
07465
07480
07710
07716
07717
07719
07720
07722
07727
07732
07738
07762
07803
07821
07822
07823
07830
07839
07846
07847
07848
07849
07853
07855
07856
07860
07870
07871
07879
07882
07924
07930
07934
07935
07938
07945
07976
07977
07979
07980
08001
08004
08005
08008
08011
08014
08015
08022
08025
08037
08038
08042
08050
08067
08068
08069
08070
08072
08073
08079
08087
08088
08089
08092
08095
08098
08201
08202
08203
08204
08205
08210
08212
08213
08214
08215
08217
08220
08221
08223
08224
08225
08226
08230
08232
08240
08241
08242
08243
08245
08247
08248
08251
08260
08302
08310
08312
08313
08317
08318
08320
08322
08326
08328
08329
08330
08341
08342
08343
08344
08348
08350
08352
08361
08402
08403
08405
08406
08501
08502
08510
08511
08514
08515
08525
08530
08533
08535
08551
08553
08554
08555
08556
08560
08562
08721
08731
08732
08735
08736
08740
08751
08752
08757
08758
08759
08802
08804
08809
08812
08823
08824
08825
08826
08827
08829
08836
08844
08848
08852
08853
08858
08865
08868
08870
08886
08889
10001
10002
10003
10004
10005
10006
10007
10008
10009
10010
10011
10012
10013
10014
10016
10017
10018
10019
10020
10022
10029
10036
10038
10041
10045
10055
10081
10101
10103
10104
10105
10107
10110
10111
10112
10116
10118
10119
10120
10121
10122
10123
10150
10151
10152
10153
10154
10155
10158
10165
10166
10167
10168
10169
10170
10171
10173
10174
10175
10176
10177
10178
10179
10199
10270
10271
10278
10279
10280
10282
10452
10453
10456
10457
10458
10459
10460
10467
10469
10470
10471
10475
10505
10506
10509
10516
10518
10519
10524
10526
10536
10541
10542
10552
10560
10566
10576
10578
10579
10588
10590
10597
10916
10919
10922
10924
10925
10930
10931
10933
10958
10963
10964
10968
10973
10974
10975
10979
10985
10986
10987
10990
10998
11212
11221
11226
11239
11569
11792
11930
11932
11933
11935
11937
11939
11941
11942
11944
11946
11948
11949
11952
11954
11955
11956
11957
11958
11959
11960
11961
11962
11963
11968
11970
11971
11972
11975
11976
11977
11978
12008
12009
12015
12018
12019
12020
12027
12033
12041
12043
12050
12059
12063
12067
12069
12073
12074
12078
12083
12086
12090
12106
12115
12118
12123
12132
12133
12140
12141
12143
12148
12150
12151
12154
12173
12174
12177
12184
12185
12186
12192
12196
12236
12307
12407
12414
12417
12419
12420
12423
12431
12432
12433
12436
12440
12443
12451
12453
12456
12458
12466
12472
12473
12477
12482
12484
12486
12487
12491
12498
12504
12506
12507
12513
12514
12515
12525
12528
12530
12531
12533
12534
12538
12541
12542
12544
12545
12547
12548
12561
12563
12564
12565
12566
12568
12569
12570
12571
12572
12574
12575
12578
12580
12582
12585
12592
12594
12602
12701
12721
12722
12724
12729
12733
12742
12754
12759
12767
12769
12771
12775
12779
12781
12785
12787
12803
12804
12820
12821
12831
12833
12834
12839
12845
12848
12854
12863
12884
12886
12911
12915
12921
12924
12933
12946
12949
12953
12958
12962
12972
12975
12977
12978
12979
12983
12992
12995
13030
13032
13033
13035
13036
13037
13043
13045
13056
13060
13062
13064
13065
13068
13069
13073
13074
13076
13078
13080
13082
13084
13093
13103
13107
13108
13112
13117
13119
13120
13121
13126
13131
13132
13135
13138
13139
13142
13148
13152
13154
13159
13164
13166
13167
13301
13304
13305
13308
13310
13313
13314
13326
13328
13335
13337
13346
13352
13354
13357
13363
13364
13401
13402
13407
13408
13409
13415
13425
13428
13455
13456
13461
13469
13475
13476
13480
13482
13490
13605
13606
13607
13611
13612
13615
13616
13617
13619
13623
13624
13627
13628
13634
13636
13638
13640
13642
13645
13647
13649
13651
13657
13676
13677
13685
13688
13732
13738
13744
13758
13777
13778
13784
13794
13795
13802
13815
13820
13826
13827
13833
13834
13837
13838
13840
13845
13848
13861
14001
14005
14009
14011
14020
14025
14027
14029
14030
14033
14036
14041
14057
14061
14063
14070
14080
14081
14103
14105
14108
14111
14126
14129
14131
14132
14133
14134
14135
14136
14139
14141
14143
14168
14169
14170
14172
14173
14174
14206
14411
14413
14414
14416
14422
14423
14424
14428
14429
14432
14437
14443
14449
14452
14454
14456
14464
14469
14470
14472
14475
14478
14479
14480
14482
14485
14487
14489
14504
14505
14506
14511
14518
14519
14520
14522
14527
14530
14532
14533
14538
14543
14544
14545
14546
14548
14551
14555
14556
14557
14563
14568
14569
14572
14589
14592
14701
14707
14710
14712
14716
14720
14732
14733
14745
14752
14757
14760
14766
14783
14786
14787
14788
14802
14810
14816
14817
14818
14824
14825
14830
14831
14838
14843
14847
14854
14857
14863
14864
14865
14867
14869
14871
14872
14876
14881
14882
14886
14887
14891
14893
14894
15019
15020
15026
15030
15031
15033
15037
15050
15052
15053
15054
15057
15059
15060
15072
15075
15076
15077
15081
15088
15126
15313
15314
15315
15316
15320
15324
15325
15327
15330
15331
15332
15334
15340
15344
15346
15347
15348
15351
15357
15358
15365
15366
15368
15370
15379
15413
15415
15417
15420
15421
15422
15423
15427
15428
15429
15430
15431
15435
15437
15438
15439
15442
15443
15444
15445
15446
15447
15449
15450
15454
15458
15460
15461
15462
15463
15466
15468
15469
15473
15474
15475
15477
15478
15479
15480
15482
15483
15484
15490
15501
15520
15521
15522
15537
15539
15541
15546
15548
15549
15553
15554
15555
15562
15565
15610
15612
15613
15617
15618
15622
15627
15628
15630
15641
15646
15656
15658
15670
15671
15679
15680
15681
15682
15684
15688
15698
15710
15712
15714
15717
15721
15722
15723
15728
15730
15731
15734
15738
15739
15741
15748
15750
15752
15754
15760
15762
15764
15775
15776
15777
15783
15823
15824
15825
15827
15840
15841
15845
15846
15851
15853
15857
15865
15866
15906
15909
15920
15922
15927
15928
15930
15931
15934
15935
15937
15938
15943
15946
15949
15953
15954
15958
15960
15963
16002
16022
16023
16024
16025
16027
16030
16033
16037
16038
16039
16048
16051
16052
16053
16055
16056
16057
16061
16102
16105
16112
16113
16116
16117
16123
16125
16132
16133
16134
16136
16137
16140
16142
16143
16150
16151
16153
16154
16155
16156
16159
16160
16172
16201
16217
16223
16229
16232
16246
16250
16253
16254
16262
16301
16311
16314
16316
16319
16321
16323
16326
16327
16328
16331
16333
16346
16354
16360
16365
16366
16367
16369
16372
16375
16401
16403
16407
16410
16411
16412
16413
16416
16417
16422
16424
16426
16428
16430
16432
16433
16438
16440
16441
16443
16475
16613
16614
16620
16624
16630
16633
16637
16640
16641
16646
16652
16654
16659
16660
16662
16670
16671
16675
16681
16684
16686
16701
16724
16725
16821
16823
16827
16828
16833
16840
16844
16847
16848
16851
16870
16873
16876
16877
16879
16901
16910
16920
16933
17007
17009
17014
17018
17020
17023
17024
17026
17028
17032
17041
17044
17053
17054
17056
17061
17065
17067
17073
17074
17080
17090
17094
17098
17214
17221
17223
17225
17232
17233
17235
17236
17237
17241
17249
17252
17253
17256
17257
17261
17266
17270
17301
17303
17304
17306
17307
17309
17314
17315
17316
17318
17320
17321
17322
17325
17327
17329
17340
17349
17350
17352
17358
17360
17362
17363
17364
17365
17372
17502
17503
17505
17506
17507
17516
17519
17528
17529
17532
17534
17535
17562
17565
17566
17567
17569
17572
17578
17579
17581
17582
17702
17720
17721
17723
17726
17727
17728
17731
17737
17740
17744
17745
17748
17750
17751
17752
17762
17767
17769
17772
17777
17801
17810
17820
17827
17832
17833
17834
17835
17840
17842
17844
17846
17847
17850
17851
17855
17856
17857
17858
17860
17864
17872
17876
17880
17881
17882
17889
17921
17922
17925
17932
17933
17934
17935
17936
17942
17943
17945
17946
17948
17949
17951
17959
17963
17966
17967
17974
17976
17978
17980
17981
18012
18013
18038
18051
18053
18054
18055
18056
18069
18070
18071
18074
18077
18080
18083
18084
18092
18201
18210
18211
18212
18214
18216
18219
18222
18224
18229
18230
18231
18235
18237
18240
18244
18247
18250
18251
18252
18254
18255
18256
18301
18302
18320
18326
18328
18330
18331
18332
18333
18336
18337
18341
18342
18343
18346
18347
18352
18353
18354
18355
18356
18360
18370
18407
18414
18424
18427
18430
18431
18433
18436
18438
18440
18444
18447
18451
18459
18463
18472
18503
18601
18603
18610
18612
18615
18617
18618
18621
18644
18653
18654
18655
18657
18660
18707
18708
18810
18814
18817
18821
18822
18826
18827
18834
18843
18847
18848
18911
18917
18922
18923
18927
18930
18934
18938
18942
18944
18947
18949
18951
18953
18963
18972
18981
18991
19009
19310
19330
19343
19344
19350
19362
19363
19390
19421
19425
19435
19451
19465
19470
19472
19474
19475
19481
19494
19504
19506
19508
19512
19518
19519
19522
19525
19526
19530
19534
19535
19536
19539
19540
19541
19543
19545
19547
19548
19549
19551
19554
19555
19564
19565
19567
19640
19706
19716
19730
19734
19735
19930
19931
19933
19934
19938
19939
19940
19941
19943
19944
19945
19946
19947
19950
19951
19952
19954
19956
19960
19962
19963
19968
19977
19979
20106
20107
20112
20119
20124
20129
20131
20132
20134
20135
20137
20138
20139
20140
20141
20142
20143
20158
20160
20182
20184
20186
20187
20197
20242
20602
20604
20607
20611
20612
20613
20615
20616
20617
20620
20622
20623
20627
20629
20632
20634
20635
20636
20637
20640
20643
20646
20650
20653
20657
20658
20659
20660
20667
20675
20676
20677
20678
20684
20688
20689
20690
20693
20695
20711
20732
20733
20736
20744
20749
20751
20754
20758
20764
20765
20770
20776
20777
20778
20779
20833
20841
20860
20861
20862
20872
20882
20993
21005
21010
21013
21020
21023
21028
21032
21036
21037
21042
21047
21048
21050
21051
21056
21057
21071
21074
21078
21082
21084
21102
21104
21111
21131
21136
21153
21155
21156
21157
21158
21163
21522
21529
21532
21539
21541
21542
21545
21550
21556
21562
21601
21613
21617
21619
21620
21623
21628
21629
21632
21638
21639
21643
21647
21649
21651
21652
21653
21654
21655
21660
21663
21664
21666
21670
21671
21710
21713
21715
21716
21719
21720
21721
21722
21723
21727
21733
21737
21738
21746
21754
21755
21756
21758
21769
21771
21773
21774
21776
21777
21779
21780
21781
21782
21783
21784
21787
21788
21791
21794
21797
21798
21810
21811
21813
21830
21849
21850
21851
21862
21874
21875
21890
21901
21903
21904
21911
21917
21921
21922
22037
22039
22066
22134
22135
22172
22433
22451
22480
22481
22485
22507
22508
22517
22524
22544
22551
22552
22553
22560
22611
22620
22623
22625
22626
22642
22645
22646
22649
22657
22660
22663
22664
22701
22712
22720
22722
22724
22725
22728
22731
22734
22742
22748
22802
22803
22815
22821
22824
22827
22831
22835
22840
22844
22845
22846
22853
22923
22932
22936
22942
22947
22957
22958
22960
22963
22964
22965
22968
22974
22989
23001
23014
23043
23061
23064
23066
23069
23072
23092
23102
23103
23120
23124
23125
23129
23131
23139
23141
23146
23147
23160
23184
23322
23337
23397
23418
23430
23431
23434
23442
23483
23651
23691
23803
23804
23805
23806
23824
23829
23838
23842
23847
23851
23860
23870
23884
23891
23899
23901
23909
23919
23939
23950
23955
23970
24058
24064
24078
24083
24089
24092
24093
24095
24112
24115
24122
24134
24151
24157
24168
24174
24175
24176
24177
24179
24184
24202
24210
24211
24212
24216
24218
24266
24273
24277
24290
24293
24301
24311
24316
24333
24354
24382
24412
24415
24416
24431
24437
24440
24441
24450
24457
24467
24469
24471
24486
24517
24523
24527
24540
24541
24543
24550
24570
24572
24581
24588
24601
24605
24606
24612
24635
24637
24641
24701
24712
24724
24731
24737
24738
24739
24740
24751
24829
24843
24855
24857
24881
24901
24957
24961
24970
24986
25015
25024
25033
25040
25051
25070
25076
25081
25086
25090
25103
25108
25110
25139
25143
25156
25159
25162
25165
25168
25185
25186
25202
25213
25260
25262
25264
25306
25311
25315
25404
25410
25414
25420
25421
25425
25429
25430
25432
25443
25510
25526
25530
25535
25545
25547
25559
25560
25562
25570
25601
25606
25611
25612
25614
25624
25628
25630
25639
25652
25653
25667
25690
25810
25813
25823
25826
25840
25849
25853
25855
25873
25878
25901
25909
25911
25936
25965
25972
25986
26030
26031
26035
26037
26041
26050
26058
26060
26062
26075
26104
26120
26134
26150
26155
26159
26164
26181
26187
26201
26241
26259
26275
26292
26346
26347
26366
26369
26378
26386
26404
26422
26424
26431
26438
26452
26501
26508
26520
26524
26527
26531
26534
26542
26543
26544
26547
26554
26560
26566
26568
26574
26576
26587
26588
26591
26667
26719
26726
26750
26753
26767
26847
26855
27006
27009
27018
27019
27021
27025
27028
27030
27041
27042
27043
27045
27049
27050
27055
27099
27202
27205
27209
27214
27217
27228
27233
27244
27248
27249
27253
27256
27258
27259
27278
27283
27288
27289
27292
27293
27294
27295
27298
27312
27313
27317
27320
27321
27323
27330
27331
27350
27351
27357
27358
27359
27370
27375
27376
27501
27503
27504
27508
27522
27525
27527
27530
27533
27536
27537
27542
27546
27555
27556
27562
27568
27573
27576
27581
27584
27586
27591
27592
27593
27594
27596
27597
27801
27802
27803
27807
27809
27813
27819
27823
27825
27828
27837
27841
27855
27856
27863
27864
27867
27868
27870
27880
27881
27886
27889
27891
27892
27906
27909
27910
27916
27917
27929
27930
27932
27939
27941
27944
27947
27949
27954
27958
27959
27964
27966
27981
27982
27986
28001
28002
28009
28016
28017
28021
28023
28024
28033
28034
28039
28040
28043
28073
28077
28086
28092
28097
28107
28108
28111
28112
28115
28123
28124
28136
28138
28150
28151
28152
28160
28164
28166
28169
28174
28312
28326
28327
28328
28329
28330
28333
28334
28335
28339
28343
28345
28349
28352
28355
28356
28357
28360
28364
28368
28371
28372
28373
28375
28376
28379
28380
28384
28391
28392
28394
28422
28425
28443
28445
28457
28460
28462
28466
28468
28472
28479
28501
28502
28503
28512
28513
28519
28522
28529
28530
28532
28539
28544
28551
28557
28570
28574
28577
28582
28583
28584
28589
28594
28605
28607
28609
28612
28619
28621
28625
28628
28630
28638
28642
28645
28650
28652
28655
28656
28659
28661
28666
28668
28671
28673
28678
28680
28681
28682
28688
28691
28694
28697
28701
28711
28715
28716
28717
28719
28720
28721
28723
28725
28729
28731
28733
28734
28735
28741
28742
28744
28745
28752
28757
28759
28760
28766
28770
28778
28779
28786
28787
28788
28792
28804
28901
28903
29006
29020
29021
29044
29046
29053
29054
29070
29074
29075
29079
29102
29108
29115
29118
29122
29123
29127
29153
29154
29160
29161
29322
29323
29325
29330
29333
29340
29342
29346
29348
29349
29356
29360
29369
29376
29386
29388
29430
29433
29461
29486
29487
29488
29493
29511
29519
29520
29527
29532
29536
29541
29550
29560
29566
29568
29569
29571
29576
29585
29588
29591
29594
29627
29630
29641
29643
29644
29653
29654
29656
29657
29665
29667
29669
29670
29672
29677
29678
29682
29688
29689
29690
29691
29693
29695
29697
29702
29704
29710
29714
29720
29721
29744
29745
29805
29809
29826
29829
29839
29840
29846
29860
29906
29907
29920
29923
29927
29931
29933
29935
30008
30011
30014
30016
30025
30028
30052
30088
30094
30107
30110
30114
30116
30117
30125
30129
30132
30140
30143
30145
30149
30150
30153
30157
30161
30162
30165
30172
30179
30180
30187
30215
30223
30224
30228
30241
30248
30250
30252
30261
30263
30264
30271
30272
30273
30275
30276
30277
30281
30290
30298
30337
30401
30414
30415
30417
30429
30436
30461
30464
30474
30475
30506
30510
30511
30514
30527
30530
30531
30535
30538
30539
30543
30548
30549
30553
30563
30565
30575
30577
30597
30598
30620
30621
30623
30635
30638
30643
30646
30650
30655
30656
30665
30666
30671
30677
30701
30705
30710
30725
30728
30732
30736
30739
30740
30741
30750
30751
30753
30755
30756
30757
30814
30815
30824
30830
31004
31008
31010
31015
31029
31030
31032
31034
31045
31046
31047
31052
31059
31061
31069
31084
31211
31220
31301
31302
31307
31308
31310
31312
31313
31315
31318
31324
31326
31327
31328
31333
31411
31503
31516
31522
31523
31534
31535
31545
31547
31548
31556
31558
31605
31620
31623
31632
31636
31709
31719
31720
31721
31722
31728
31729
31757
31760
31763
31768
31769
31776
31782
31788
31791
31792
31794
31804
31807
31808
31822
31829
31831
31833
31905
32007
32011
32024
32025
32041
32043
32055
32056
32063
32064
32068
32079
32080
32083
32084
32097
32113
32132
32136
32137
32168
32177
32178
32193
32195
32305
32310
32326
32327
32330
32332
32333
32337
32351
32353
32355
32361
32409
32422
32424
32428
32432
32439
32440
32446
32447
32448
32456
32457
32463
32533
32536
32539
32563
32570
32583
32615
32617
32618
32633
32634
32643
32655
32658
32664
32669
32696
32697
32713
32720
32724
32744
32745
32754
32757
32766
32776
32777
32778
32784
32798
32815
32908
32911
32949
32960
32962
32963
32965
32967
32968
32970
32976
33031
33035
33036
33037
33042
33043
33044
33050
33051
33052
33070
33131
33132
33139
33149
33187
33327
33455
33470
33475
33513
33521
33525
33526
33527
33530
33540
33541
33545
33547
33570
33574
33576
33587
33592
33593
33598
33810
33825
33826
33827
33830
33831
33839
33843
33844
33847
33848
33854
33856
33859
33860
33863
33868
33870
33872
33873
33877
33917
33920
33921
33922
33936
33945
33947
33955
33956
33957
33972
33974
33980
33981
33993
34113
34114
34117
34120
34140
34219
34223
34228
34237
34241
34269
34275
34286
34289
34290
34291
34292
34420
34423
34428
34429
34430
34431
34432
34434
34441
34442
34445
34446
34447
34448
34450
34451
34452
34453
34460
34461
34465
34473
34482
34487
34489
34491
34601
34603
34605
34607
34610
34636
34639
34654
34669
34688
34692
34714
34715
34729
34736
34737
34753
34755
34759
34762
34771
34772
34785
34797
34946
34947
34949
34951
34957
34987
34990
35010
35011
35013
35016
35020
35023
35032
35040
35043
35045
35052
35054
35057
35058
35062
35070
35073
35091
35096
35112
35114
35115
35116
35117
35119
35120
35121
35125
35126
35127
35128
35135
35139
35146
35147
35148
35149
35150
35160
35161
35176
35180
35181
35185
35187
35224
35471
35475
35501
35504
35545
35559
35575
35582
35584
35611
35620
35634
35640
35650
35653
35660
35673
35674
35739
35741
35748
35750
35754
35759
35760
35761
35768
35773
35901
35904
35905
35906
35950
35951
35954
35956
35957
35967
35968
35976
35986
35987
36020
36022
36025
36057
36065
36067
36072
36078
36081
36082
36087
36088
36092
36093
36105
36125
36205
36250
36253
36260
36265
36268
36271
36275
36277
36312
36321
36322
36340
36345
36349
36350
36352
36360
36361
36370
36371
36376
36420
36426
36427
36429
36458
36460
36461
36476
36502
36504
36509
36512
36523
36528
36542
36543
36544
36549
36555
36561
36567
36568
36571
36572
36574
36576
36578
36580
36587
36612
36613
36633
36701
36702
36703
36732
36741
36745
36764
36804
36856
36859
36870
37014
37015
37029
37030
37031
37034
37035
37037
37046
37048
37055
37056
37062
37073
37074
37077
37080
37085
37090
37091
37110
37111
37143
37146
37148
37153
37160
37166
37172
37179
37180
37187
37188
37189
37303
37304
37316
37318
37321
37323
37326
37331
37336
37341
37349
37352
37354
37355
37373
37377
37379
37388
37389
37394
37398
37419
37616
37618
37641
37642
37643
37644
37656
37659
37690
37692
37694
37709
37711
37719
37725
37738
37743
37744
37748
37757
37760
37763
37766
37771
37772
37774
37777
37778
37803
37806
37813
37820
37821
37822
37824
37840
37845
37857
37860
37865
37874
37876
37877
37886
37890
37891
37927
38001
38004
38006
38011
38019
38024
38025
38028
38036
38053
38059
38060
38063
38071
38127
38167
38225
38235
38237
38238
38242
38254
38255
38261
38271
38281
38320
38338
38340
38343
38344
38351
38355
38358
38362
38375
38382
38389
38451
38456
38464
38474
38478
38483
38558
38559
38570
38571
38578
38583
38606
38632
38644
38651
38652
38655
38664
38668
38680
38701
38703
38722
38731
38732
38733
38739
38751
38756
38760
38771
38772
38781
38820
38821
38825
38826
38827
38829
38839
38841
38849
38857
38863
38865
38866
38869
38880
38915
38926
38947
38957
38962
38966
39042
39046
39073
39074
39080
39109
39148
39167
39170
39180
39181
39182
39212
39305
39320
39324
39325
39342
39345
39350
39359
39429
39436
39437
39443
39457
39459
39465
39466
39475
39477
39520
39521
39553
39556
39558
39561
39563
39571
39601
39602
39603
39630
39648
39649
39666
39701
39702
39736
39759
39766
39773
39818
39819
39828
39852
39885
40004
40010
40012
40013
40014
40022
40023
40026
40031
40033
40061
40063
40065
40108
40117
40121
40165
40310
40317
40320
40339
40342
40347
40348
40351
40353
40357
40361
40362
40390
40403
40404
40448
40473
40484
40492
40601
40602
40621
40737
40740
40744
40801
40818
40827
40830
40831
40845
40847
40849
40854
40906
40930
40944
40955
40965
41001
41030
41031
41035
41056
41059
41080
41092
41095
41096
41128
41129
41142
41143
41146
41160
41168
41183
41216
41240
41268
41274
41365
41413
41501
41503
41517
41538
41542
41560
41561
41601
41605
41612
41621
41622
41635
41649
41650
41651
41653
41659
41666
41669
41701
41739
41778
41810
41844
42020
42025
42027
42029
42044
42051
42060
42061
42066
42082
42086
42122
42134
42135
42141
42142
42159
42163
42164
42171
42219
42234
42240
42241
42252
42262
42274
42276
42320
42322
42332
42347
42354
42367
42370
42374
42402
42413
42420
42431
42440
42445
42452
42457
42463
42501
42503
42718
42719
42742
42755
42759
43001
43005
43008
43010
43019
43021
43022
43023
43025
43029
43030
43031
43036
43040
43046
43047
43048
43050
43055
43056
43058
43067
43070
43074
43076
43077
43078
43101
43102
43103
43105
43111
43112
43119
43126
43127
43140
43142
43144
43151
43154
43155
43157
43302
43311
43315
43316
43321
43322
43324
43325
43326
43330
43331
43335
43336
43338
43342
43346
43349
43351
43402
43410
43416
43420
43430
43431
43432
43433
43436
43437
43443
43447
43449
43450
43452
43468
43469
43504
43506
43510
43512
43515
43522
43523
43526
43529
43531
43541
43542
43545
43553
43555
43558
43567
43713
43717
43718
43719
43721
43723
43724
43725
43731
43733
43735
43738
43740
43752
43759
43761
43764
43768
43786
43803
43804
43812
43822
43830
43845
43906
43909
43912
43913
43916
43920
43926
43928
43934
43935
43939
43940
43943
43947
43951
43953
43961
43963
43964
43967
43971
43974
43981
44003
44010
44021
44030
44041
44044
44047
44048
44050
44057
44062
44064
44065
44068
44074
44080
44084
44086
44089
44090
44201
44217
44231
44234
44235
44253
44254
44255
44264
44265
44270
44272
44273
44275
44280
44287
44288
44401
44402
44403
44408
44411
44412
44413
44415
44418
44423
44424
44431
44432
44436
44439
44443
44444
44445
44454
44455
44470
44473
44490
44491
44606
44607
44608
44609
44610
44612
44615
44617
44618
44621
44624
44626
44627
44633
44634
44639
44640
44643
44644
44645
44653
44654
44657
44659
44660
44662
44666
44669
44670
44671
44675
44676
44677
44678
44681
44682
44683
44688
44689
44690
44693
44697
44721
44730
44801
44809
44811
44813
44814
44815
44816
44820
44822
44824
44825
44827
44830
44833
44838
44842
44843
44845
44846
44847
44850
44854
44856
44859
44861
44865
44866
44874
44875
44878
44880
44883
44888
44889
44890
45001
45003
45032
45042
45052
45068
45111
45112
45113
45118
45122
45133
45145
45152
45154
45155
45156
45162
45164
45166
45172
45302
45304
45306
45307
45309
45310
45314
45316
45318
45320
45325
45327
45328
45330
45331
45335
45336
45338
45339
45341
45344
45345
45347
45350
45351
45352
45358
45359
45360
45363
45369
45370
45372
45378
45380
45381
45383
45389
45502
45618
45619
45628
45629
45631
45638
45640
45644
45648
45653
45661
45669
45673
45674
45677
45690
45692
45694
45698
45699
45701
45714
45720
45721
45739
45740
45760
45777
45780
45784
45787
45806
45807
45808
45810
45817
45819
45822
45826
45828
45833
45837
45846
45848
45853
45854
45859
45865
45866
45869
45870
45871
45872
45875
45876
45877
45879
45883
45885
45887
45889
45891
45895
45899
46001
46011
46012
46030
46031
46034
46036
46040
46041
46044
46047
46051
46063
46064
46065
46067
46068
46069
46072
46076
46102
46103
46106
46110
46122
46126
46129
46130
46131
46135
46149
46154
46157
46158
46167
46176
46183
46231
46301
46303
46310
46341
46346
46356
46371
46372
46377
46379
46381
46391
46406
46407
46409
46506
46511
46524
46528
46536
46537
46538
46540
46542
46543
46550
46552
46553
46554
46555
46562
46563
46565
46567
46571
46572
46573
46574
46701
46703
46710
46711
46721
46723
46725
46731
46732
46733
46737
46743
46745
46747
46750
46755
46763
46767
46769
46770
46771
46777
46781
46782
46784
46787
46788
46791
46793
46795
46796
46797
46798
46799
46815
46914
46915
46916
46919
46922
46931
46932
46933
46936
46937
46938
46943
46945
46947
46952
46962
46967
46970
46975
46979
46980
46987
46989
46992
46994
46995
46998
47001
47003
47006
47022
47025
47034
47060
47102
47104
47106
47111
47112
47114
47119
47122
47124
47126
47136
47143
47161
47164
47165
47166
47167
47170
47177
47203
47225
47226
47228
47236
47240
47244
47245
47247
47250
47274
47280
47302
47305
47306
47308
47322
47330
47331
47334
47335
47344
47356
47361
47362
47367
47371
47381
47383
47385
47394
47396
47420
47421
47429
47441
47451
47455
47457
47462
47464
47469
47501
47522
47523
47532
47535
47541
47542
47558
47573
47579
47584
47586
47588
47591
47596
47601
47610
47613
47620
47638
47639
47647
47648
47654
47670
47719
47805
47834
47836
47842
47845
47848
47857
47876
47881
47882
47884
47920
47925
47933
47935
47955
47960
47965
47986
47997
48003
48004
48005
48014
48023
48027
48039
48041
48048
48049
48050
48054
48062
48063
48064
48079
48096
48115
48117
48118
48130
48131
48133
48157
48158
48160
48161
48166
48169
48179
48189
48190
48191
48353
48356
48357
48367
48370
48410
48412
48413
48417
48421
48428
48429
48434
48436
48438
48440
48442
48444
48446
48449
48451
48457
48458
48460
48461
48462
48463
48464
48471
48473
48476
48607
48611
48612
48616
48617
48622
48623
48626
48629
48630
48631
48633
48634
48650
48655
48657
48658
48661
48722
48723
48724
48734
48738
48743
48746
48750
48755
48757
48758
48763
48768
48769
48801
48804
48808
48812
48813
48816
48817
48820
48827
48830
48836
48837
48838
48846
48848
48852
48853
48857
48858
48859
48862
48872
48874
48875
48876
48879
48881
48882
49010
49012
49017
49027
49031
49032
49034
49035
49036
49038
49042
49043
49046
49047
49051
49055
49058
49060
49062
49063
49064
49065
49068
49070
49078
49079
49080
49083
49087
49088
49090
49091
49093
49097
49098
49101
49102
49103
49104
49106
49111
49112
49113
49115
49117
49126
49128
49129
49130
49221
49224
49228
49229
49230
49233
49234
49236
49237
49240
49242
49245
49250
49254
49257
49259
49261
49265
49267
49270
49277
49278
49282
49283
49285
49286
49287
49301
49302
49307
49311
49312
49314
49319
49323
49329
49330
49331
49333
49337
49339
49344
49345
49348
49404
49406
49409
49412
49413
49415
49430
49431
49434
49435
49437
49440
49445
49448
49453
49457
49458
49460
49461
49601
49610
49616
49627
49628
49629
49634
49635
49636
49637
49643
49646
49650
49657
49660
49675
49676
49677
49685
49690
49696
49701
49707
49711
49712
49720
49723
49734
49735
49737
49739
49740
49781
49783
49785
49792
49796
49801
49802
49808
49826
49837
49841
49852
49858
49863
49864
49870
49871
49874
49876
49877
49894
49915
49917
49931
49964
50003
50031
50032
50035
50036
50038
50041
50047
50061
50063
50069
50078
50105
50109
50110
50112
50124
50125
50126
50152
50158
50160
50163
50165
50201
50208
50211
50219
50226
50227
50231
50236
50243
50244
50255
50269
50272
50369
50423
50435
50436
50467
50481
50511
50529
50548
50552
50573
50588
50592
50593
50595
50608
50616
50622
50631
50634
50643
50644
50648
50652
50657
50659
50662
50667
50677
50831
50839
50847
51008
51015
51031
51109
51244
51250
51301
51331
51340
51341
51351
51360
51401
51432
51451
51459
51460
51534
51537
51543
51550
51554
51601
51603
51651
51656
52040
52056
52057
52060
52066
52068
52101
52135
52149
52166
52175
52203
52204
52205
52206
52227
52228
52235
52253
52308
52314
52315
52318
52324
52326
52333
52338
52341
52345
52348
52351
52353
52501
52530
52534
52544
52548
52556
52562
52566
52577
52601
52624
52627
52632
52638
52641
52648
52657
52726
52728
52730
52742
52747
52749
52752
52753
52757
52761
52773
53002
53006
53013
53016
53017
53021
53026
53027
53031
53033
53034
53036
53037
53040
53047
53048
53058
53060
53061
53062
53070
53073
53075
53081
53085
53086
53090
53094
53098
53099
53103
53104
53105
53114
53115
53118
53119
53120
53121
53125
53126
53127
53128
53138
53147
53148
53149
53153
53167
53168
53179
53181
53182
53183
53184
53185
53190
53191
53507
53508
53515
53521
53523
53525
53526
53528
53531
53533
53534
53535
53536
53538
53540
53549
53551
53555
53559
53560
53563
53566
53571
53572
53575
53578
53583
53584
53589
53594
53595
53599
53803
53808
53811
53813
53817
53821
53901
53911
53913
53916
53925
53940
53947
53950
53954
53955
53957
53958
53959
53960
53965
53969
54002
54005
54017
54020
54021
54022
54023
54024
54025
54123
54127
54130
54141
54153
54157
54160
54162
54165
54166
54169
54171
54180
54201
54208
54211
54217
54229
54232
54235
54241
54403
54409
54415
54417
54441
54455
54464
54469
54482
54494
54495
54501
54543
54548
54568
54615
54630
54636
54637
54643
54654
54656
54660
54662
54669
54724
54743
54758
54760
54773
54812
54818
54841
54857
54861
54868
54890
54923
54926
54929
54933
54934
54941
54944
54946
54947
54961
54963
54971
54978
54981
54986
55001
55003
55005
55008
55010
55011
55018
55019
55020
55021
55024
55025
55029
55033
55036
55038
55043
55049
55052
55054
55056
55057
55060
55066
55070
55085
55087
55090
55092
55302
55308
55309
55313
55315
55319
55320
55327
55328
55331
55341
55350
55352
55355
55357
55358
55359
55364
55366
55371
55375
55384
55386
55609
55720
55744
55745
55746
55758
55768
55792
55804
55808
55810
55912
55920
55944
55947
55950
55955
55960
55968
55976
56007
56011
56017
56022
56024
56030
56031
56035
56046
56050
56055
56056
56058
56062
56063
56071
56073
56075
56084
56093
56125
56143
56146
56187
56215
56241
56258
56265
56273
56277
56287
56307
56308
56310
56313
56320
56328
56341
56344
56345
56369
56371
56374
56389
56401
56430
56441
56465
56470
56482
56484
56501
56502
56525
56537
56538
56541
56577
56593
56601
56630
56668
56687
56716
56721
57005
57006
57007
57013
57027
57032
57041
57042
57055
57056
57068
57069
57078
57202
57245
57252
57301
57361
57364
57399
57401
57402
57426
57439
57501
57563
57621
57719
57751
57770
57783
58001
58012
58042
58074
58075
58076
58204
58205
58401
58402
58452
58554
58601
58602
58701
58703
58704
58707
58801
58802
58803
59036
59044
59106
59404
59414
59461
59477
59602
59635
59714
59715
59716
59717
59756
59803
59812
59840
59841
59855
59901
59902
59937
60033
60071
60072
60080
60081
60097
60098
60109
60112
60113
60119
60129
60135
60140
60145
60146
60147
60152
60175
60180
60184
60401
60407
60408
60410
60416
60421
60423
60442
60449
60450
60466
60472
60474
60481
60512
60548
60554
60560
60601
60602
60603
60604
60605
60606
60610
60611
60613
60644
60654
60827
60901
60932
60936
60939
60945
60950
60954
60956
60957
60970
61010
61011
61013
61016
61020
61021
61025
61027
61032
61036
61058
61059
61061
61065
61068
61071
61072
61077
61081
61084
61088
61091
61236
61237
61240
61241
61257
61273
61275
61278
61284
61301
61317
61320
61323
61331
61335
61346
61350
61356
61362
61363
61364
61371
61372
61411
61419
61424
61430
61433
61443
61448
61451
61468
61519
61520
61523
61524
61528
61530
61537
61547
61548
61564
61568
61705
61727
61729
61736
61751
61755
61764
61815
61834
61847
61848
61851
61855
61856
61857
61858
61864
61873
61877
61880
61883
61884
61911
61920
61936
61938
61941
61944
61953
61955
61956
62009
62023
62030
62035
62046
62048
62058
62067
62069
62084
62085
62087
62088
62089
62090
62093
62201
62202
62203
62204
62215
62216
62219
62224
62230
62232
62233
62236
62240
62243
62246
62249
62250
62254
62256
62258
62259
62260
62264
62265
62278
62279
62282
62285
62286
62289
62292
62293
62295
62298
62334
62352
62359
62362
62450
62454
62458
62459
62464
62467
62471
62481
62517
62519
62522
62523
62525
62532
62537
62540
62541
62549
62554
62561
62563
62568
62615
62622
62650
62651
62656
62683
62690
62693
62801
62812
62819
62822
62825
62841
62846
62848
62852
62874
62876
62881
62883
62891
62896
62902
62903
62906
62918
62927
62930
62933
62939
62946
62949
62951
62965
62966
62999
63001
63012
63016
63019
63025
63028
63038
63039
63040
63047
63049
63051
63052
63069
63079
63080
63084
63089
63090
63341
63348
63362
63370
63379
63387
63389
63401
63442
63457
63467
63501
63540
63563
63601
63640
63651
63663
63666
63742
63755
63758
63775
63776
63779
63780
63824
63826
63828
63840
63841
63849
63853
63857
63863
63866
63880
63882
63901
63902
64024
64034
64048
64056
64060
64066
64070
64075
64078
64079
64080
64089
64090
64093
64097
64136
64146
64149
64163
64165
64167
64429
64432
64468
64485
64504
64505
64601
64628
64658
64701
64735
64743
64765
64772
64830
64834
64836
64840
64849
64850
64874
65010
65020
65026
65043
65049
65233
65243
65251
65255
65265
65270
65305
65320
65340
65401
65409
65453
65468
65536
65559
65583
65610
65613
65630
65631
65636
65654
65664
65672
65673
65675
65686
65688
65706
65712
65721
65726
65739
65741
65742
65757
66002
66006
66007
66013
66025
66047
66048
66067
66071
66083
66113
66402
66409
66434
66441
66503
66536
66539
66542
66547
66618
66712
66720
66728
66742
66749
66757
66759
66760
66763
66782
66801
67005
67010
67016
67030
67042
67052
67062
67067
67107
67110
67114
67133
67147
67152
67156
67334
67337
67340
67357
67460
67476
67482
67501
67505
67553
67585
67660
67665
67674
67843
67846
67851
67901
67905
68001
68008
68023
68025
68026
68041
68059
68063
68064
68068
68069
68072
68309
68310
68333
68362
68366
68375
68379
68430
68434
68452
68462
68467
68514
68523
68527
68531
68532
68601
68602
68661
68701
68731
68738
68751
68810
68840
68845
68847
68848
68881
68901
68969
69001
69042
69171
69341
69355
69357
69365
70030
70031
70038
70050
70051
70068
70070
70071
70076
70084
70092
70126
70301
70302
70310
70342
70343
70345
70359
70363
70364
70374
70380
70381
70393
70394
70395
70420
70421
70422
70427
70429
70435
70437
70443
70445
70448
70451
70452
70454
70455
70457
70464
70466
70510
70511
70517
70519
70524
70525
70526
70528
70529
70533
70535
70541
70546
70551
70555
70563
70576
70578
70607
70611
70634
70640
70646
70659
70665
70668
70704
70706
70711
70714
70721
70723
70733
70739
70743
70747
70754
70760
70763
70764
70765
70767
70770
70774
70776
70778
70780
70782
70785
70787
70791
70792
70807
71006
71033
71037
71055
71066
71075
71080
71107
71119
71218
71220
71221
71240
71241
71245
71247
71270
71272
71280
71320
71329
71330
71350
71351
71360
71405
71410
71434
71440
71457
71458
71459
71463
71466
71485
71497
71601
71602
71603
71611
71612
71613
71635
71654
71655
71656
71657
71666
71701
71711
71730
71745
71753
71759
71762
71768
71801
71802
71864
71865
71909
71910
71922
71923
71942
71943
71964
71966
71998
71999
72002
72007
72011
72012
72015
72019
72023
72037
72043
72052
72058
72059
72061
72065
72068
72079
72086
72104
72105
72106
72110
72139
72143
72149
72150
72160
72169
72173
72176
72180
72181
72301
72310
72311
72312
72315
72316
72321
72335
72336
72339
72340
72341
72359
72364
72387
72396
72411
72417
72426
72427
72439
72445
72464
72472
72475
72476
72501
72503
72526
72543
72553
72601
72602
72613
72626
72636
72651
72653
72654
72715
72722
72734
72739
72751
72753
72761
72801
72802
72812
72820
72830
72834
72855
72858
72865
72921
72935
72936
72941
72951
73007
73018
73020
73022
73023
73025
73033
73036
73048
73065
73078
73084
73089
73093
73150
73151
73173
73401
73402
73425
73459
73491
73501
73502
73507
73520
73521
73522
73531
73533
73536
73551
73555
73601
73668
73960
74003
74004
74008
74015
74017
74018
74019
74021
74031
74041
74053
74063
74066
74067
74068
74073
74075
74082
74126
74130
74344
74345
74350
74354
74355
74358
74361
74362
74368
74401
74402
74403
74429
74446
74447
74456
74463
74464
74465
74467
74468
74477
74501
74502
74522
74554
74565
74601
74602
74701
74702
74720
74745
74747
74752
74802
74804
74818
74820
74821
74830
74837
74851
74857
74868
74901
74902
74936
74946
74947
74953
74954
74955
75009
75013
75065
75076
75101
75103
75110
75114
75117
75119
75120
75121
75126
75135
75142
75147
75151
75152
75154
75156
75160
75165
75166
75167
75173
75189
75393
75401
75403
75407
75409
75414
75418
75441
75454
75455
75456
75459
75460
75461
75482
75483
75485
75489
75490
75495
75551
75561
75570
75603
75642
75644
75647
75652
75654
75658
75659
75662
75663
75670
75671
75672
75680
75687
75688
75693
75694
75704
75706
75751
75757
75762
75771
75780
75782
75790
75791
75801
75849
75903
75942
75958
75961
75962
75964
75976
75990
76008
76009
76020
76022
76031
76033
76048
76049
76058
76059
76071
76078
76082
76087
76113
76227
76240
76245
76247
76249
76250
76253
76258
76259
76266
76267
76268
76305
76351
76354
76364
76367
76369
76401
76402
76466
76468
76485
76490
76513
76522
76523
76524
76537
76554
76558
76559
76564
76571
76573
76574
76579
76596
76598
76633
76645
76654
76655
76676
76801
76804
76886
76904
76905
76906
77016
77028
77049
77050
77078
77302
77316
77318
77327
77340
77341
77342
77354
77355
77356
77357
77362
77365
77372
77378
77423
77437
77441
77447
77452
77463
77467
77469
77471
77474
77476
77484
77486
77501
77510
77511
77512
77515
77516
77517
77523
77532
77534
77535
77539
77541
77542
77547
77554
77563
77578
77580
77582
77583
77614
77626
77630
77656
77657
77662
77713
77808
77833
77834
77862
77866
77868
77869
77870
77905
77951
77960
77971
77977
77978
77979
77983
77991
78001
78006
78028
78029
78039
78046
78062
78069
78070
78101
78112
78114
78121
78124
78132
78143
78163
78252
78263
78264
78266
78330
78332
78333
78336
78342
78358
78363
78364
78373
78380
78381
78382
78406
78516
78537
78541
78542
78558
78559
78560
78561
78562
78566
78574
78578
78580
78584
78586
78590
78592
78593
78595
78597
78602
78616
78617
78619
78620
78621
78623
78633
78642
78644
78645
78653
78654
78669
78673
78674
78676
78737
78766
78801
78802
78834
78840
78853
78951
79007
79008
79012
79015
79029
79032
79033
79108
79314
79326
79363
79366
79380
79383
79563
79706
79711
79733
79745
79766
79776
79786
79836
79838
79849
79911
79950
79968
80018
80132
80403
80435
80437
80443
80454
80457
80465
80477
80487
80488
80498
80511
80513
80514
80517
80520
80530
80543
80544
80603
80615
80621
80623
80645
80651
80653
80654
80705
80722
80723
80819
80831
80866
80908
80925
80930
80939
81004
81005
81006
81007
81043
81074
81101
81102
81128
81129
81201
81212
81215
81221
81225
81226
81227
81242
81244
81290
81301
81302
81303
81321
81401
81416
81420
81526
81601
81602
81611
81612
81615
81620
81621
81623
81631
81632
81637
81657
81658
82003
82009
82071
82072
82414
82430
82440
82501
82515
82524
82601
82636
82644
82716
82717
82718
82801
82833
82845
82901
82902
82929
82942
83001
83002
83025
83204
83218
83221
83256
83318
83328
83333
83338
83340
83341
83401
83403
83421
83422
83438
83440
83441
83442
83454
83531
83607
83634
83644
83648
83656
83677
83835
83837
83843
83858
83864
83865
83874
84005
84006
84029
84044
84049
84060
84068
84074
84075
84302
84304
84315
84319
84325
84326
84332
84335
84337
84339
84408
84633
84634
84701
84720
84721
84738
84742
84765
84767
84770
84779
84780
84784
85087
85119
85123
85127
85128
85138
85193
85194
85218
85221
85228
85239
85243
85253
85262
85263
85266
85269
85273
85274
85331
85339
85350
85355
85377
85387
85396
85552
85607
85608
85613
85615
85620
85622
85626
85640
85641
85648
85650
85653
85654
85658
85718
85739
85749
85901
85926
85929
85930
85935
85939
85941
86302
86303
86304
86305
86322
86323
86326
86327
86329
86335
86336
86339
86340
86341
86342
86351
86401
86402
86404
86406
86426
86429
86430
86431
86433
86540
87004
87008
87021
87031
87051
87060
87105
87319
87410
87415
87416
87417
87421
87508
87514
87532
87533
87547
87574
87582
87583
87828
87831
88002
88005
88007
88021
88032
88033
88046
88047
88063
88081
88101
88102
88122
88201
88202
88203
88210
88211
88220
88221
88240
88310
88311
88330
88346
88349
89028
89029
89034
89037
89044
89048
89067
89166
89402
89403
89408
89411
89433
89439
89441
89448
89449
89450
89451
89460
89508
90005
90020
90044
90057
90265
90272
90704
90748
91024
91310
91321
91383
91384
91390
91901
91903
91931
91978
92003
92026
92027
92028
92040
92059
92065
92067
92075
92091
92220
92227
92236
92240
92241
92243
92249
92251
92273
92275
92276
92278
92284
92286
92307
92308
92311
92312
92315
92317
92325
92326
92344
92352
92358
92359
92372
92386
92391
92393
92394
92395
92398
92399
92414
92543
92544
92546
92548
92567
92582
92596
92624
92679
93013
93060
93061
93064
93067
93108
93208
93215
93221
93223
93230
93235
93245
93247
93257
93258
93274
93292
93306
93402
93420
93421
93422
93423
93427
93434
93436
93437
93438
93440
93442
93443
93444
93445
93446
93447
93460
93463
93464
93465
93514
93515
93524
93535
93536
93542
93546
93550
93551
93552
93560
93606
93615
93619
93625
93630
93631
93636
93637
93638
93639
93648
93654
93657
93670
93673
93723
93901
93902
93905
93907
93912
93921
93922
93923
94002
94019
94028
94037
94038
94044
94062
94102
94103
94104
94105
94107
94108
94109
94110
94111
94114
94115
94116
94117
94118
94121
94122
94123
94127
94129
94131
94133
94158
94401
94508
94515
94517
94528
94536
94541
94548
94549
94550
94552
94556
94558
94559
94561
94562
94563
94570
94573
94574
94575
94585
94599
94603
94605
94707
94803
94930
94938
94947
94951
94952
95004
95005
95007
95012
95013
95018
95023
95024
95041
95046
95076
95139
95215
95229
95240
95242
95258
95301
95312
95315
95320
95324
95326
95334
95340
95341
95344
95348
95357
95358
95361
95370
95372
95380
95404
95416
95422
95424
95425
95431
95435
95436
95439
95444
95448
95453
95470
95472
95473
95476
95482
95487
95490
95503
95519
95524
95534
95537
95540
95551
95559
95602
95603
95619
95620
95626
95632
95639
95642
95650
95658
95663
95668
95672
95676
95681
95682
95683
95686
95695
95712
95722
95763
95799
95830
95901
95903
95913
95924
95940
95945
95946
95948
95949
95951
95954
95961
95965
95966
95968
95969
95973
95976
95980
95981
96007
96073
96087
96092
96095
96146
96148
96150
96151
96154
96155
96158
96160
96161
97004
97009
97022
97026
97031
97032
97044
97048
97051
97053
97055
97056
97058
97089
97113
97115
97116
97134
97137
97138
97146
97299
97325
97333
97335
97338
97339
97341
97351
97352
97355
97361
97364
97366
97369
97381
97383
97384
97385
97386
97389
97392
97409
97411
97423
97426
97432
97439
97448
97455
97459
97470
97471
97472
97478
97520
97524
97526
97527
97533
97540
97601
97603
97604
97707
97756
97759
97801
97838
97850
97882
97902
97914
97917
98010
98025
98038
98045
98065
98077
98092
98223
98232
98238
98239
98240
98247
98248
98255
98257
98263
98264
98272
98274
98276
98277
98282
98290
98291
98292
98296
98312
98321
98322
98325
98333
98339
98342
98343
98344
98346
98359
98363
98367
98370
98382
98385
98392
98395
98439
98506
98512
98513
98520
98522
98524
98528
98531
98532
98558
98569
98584
98604
98605
98606
98609
98622
98623
98626
98642
98671
98674
98802
98823
98824
98828
98837
98841
98844
98848
98850
98920
98923
98934
98939
98942
98944
98951
98953
99005
99014
99020
99021
99022
99025
99121
99160
99174
99323
99338
99362
99363