01026
01072
01368
02535
02539
02552
02554
02557
02564
02568
02575
02584
02807
02898
03280
03588
03597
04017
04019
04050
04108
04285
04352
04353
04354
04358
04406
04413
04417
04454
04487
04490
04492
04495
04548
04554
04574
04606
04625
04630
04645
04685
04746
04762
04764
04783
04841
04848
04852
04853
04911
04924
04936
04941
04942
04943
04955
04958
04964
04970
04982
04985
04989
05076
05084
05440
05448
05483
05485
05487
05824
05840
05845
05853
05867
05901
05905
06390
07881
08349
11770
11965
12116
12131
12726
12768
12819
12841
12847
12858
12861
12862
12872
12916
12926
12986
13355
13404
13697
13804
13832
13847
14039
14751
15310
15362
15377
15535
15538
15560
15763
16058
16220
16225
16322
16746
16837
16864
16871
16921
16935
16936
16942
16950
17076
17211
17353
17729
17768
17778
18415
18455
18629
18630
18812
18829
18831
18832
18833
20118
20130
20661
20686
21557
21610
21626
21635
21669
21824
21838
21866
21867
22438
22509
22538
22729
22811
22830
23063
23079
23083
23085
23123
23180
23313
23316
23341
23354
23389
23398
23407
23409
23413
23414
23420
23440
23443
23488
23872
23873
23881
23921
23942
23954
23960
24053
24067
24076
24088
24091
24120
24127
24128
24131
24137
24138
24162
24171
24217
24220
24221
24226
24228
24239
24243
24244
24245
24250
24263
24265
24272
24282
24324
24325
24326
24330
24366
24377
24411
24442
24460
24465
24484
24526
24530
24556
24565
24580
24594
24602
24620
24628
24657
24726
24736
24747
24811
24815
24817
24827
24828
24844
24848
24849
24850
24866
24872
24873
24884
24918
24920
24927
24934
24962
24966
24974
24984
24993
25009
25030
25043
25047
25060
25063
25083
25088
25111
25113
25123
25125
25133
25164
25180
25204
25211
25234
25235
25243
25252
25253
25259
25266
25267
25268
25270
25271
25275
25286
25287
25422
25431
25434
25437
25444
25511
25512
25514
25515
25517
25520
25521
25524
25534
25544
25557
25632
25654
25669
25671
25686
25688
25692
25699
25820
25851
25854
25902
25908
25938
25942
25981
26039
26055
26133
26141
26151
26152
26160
26161
26162
26167
26169
26178
26184
26203
26206
26215
26217
26218
26222
26224
26228
26230
26234
26237
26254
26264
26268
26270
26273
26282
26288
26294
26296
26320
26321
26325
26335
26338
26339
26342
26343
26351
26362
26372
26384
26410
26411
26412
26419
26421
26425
26437
26440
26443
26444
26447
26448
26456
26525
26562
26581
26582
26585
26601
26610
26611
26615
26617
26619
26621
26623
26627
26631
26636
26638
26671
26679
26680
26705
26707
26714
26716
26717
26720
26722
26731
26739
26755
26764
26801
26804
26807
26812
26814
26815
26818
26823
26838
26851
26852
26865
26866
26884
27016
27291
27306
27314
27341
27343
27808
27845
27846
27865
27866
27936
27980
28102
28137
28509
28510
28531
28556
28606
28611
28615
28616
28617
28629
28631
28635
28641
28643
28644
28647
28649
28653
28657
28662
28679
28684
28692
28693
28698
28705
28707
28714
28753
28756
28772
28773
28781
28783
28790
28902
29031
29056
29331
29332
29355
29375
29426
29442
29446
29543
29546
29554
29563
29564
29580
29590
29593
29685
29742
29836
29843
29845
29848
29915
29922
29934
29943
30175
30216
30258
30428
30441
30449
30454
30522
30536
30541
30546
30552
30555
30559
30560
30562
30634
30639
30730
30731
30733
30734
30738
30805
30816
30821
31001
31002
31003
31009
31011
31017
31025
31038
31049
31060
31065
31067
31077
31081
31085
31087
31094
31097
31543
31554
31555
31624
31629
31764
31810
31812
31821
32008
32061
32071
32087
32110
32140
32324
32331
32336
32357
32358
32437
32443
32455
32460
32464
32568
32648
32654
32683
32702
32759
33476
33855
33857
33865
33890
33924
33946
34137
34267
34739
35019
35136
35441
35443
35447
35459
35461
35464
35469
35477
35553
35572
35581
35610
35651
35654
35677
35745
35766
35958
35973
36003
36015
36016
36017
36029
36030
36031
36035
36039
36040
36046
36047
36051
36053
36089
36091
36258
36262
36266
36269
36273
36280
36310
36317
36318
36343
36425
36435
36442
36444
36480
36481
36482
36513
36518
36524
36529
36538
36539
36540
36550
36553
36556
36558
36579
36581
36585
36723
36727
36738
36740
36742
36749
36751
36752
36754
36756
36761
36767
36768
36776
36785
36786
36793
36855
36858
36860
36901
36908
36912
36915
36919
36922
37012
37058
37096
37097
37140
37144
37145
37150
37175
37178
37301
37308
37309
37325
37332
37335
37337
37365
37367
37376
37383
37385
37387
37391
37396
37640
37680
37726
37727
37729
37731
37733
37753
37843
37852
37872
37888
38039
38042
38222
38251
38311
38321
38345
38357
38366
38453
38455
38459
38471
38475
38477
38504
38541
38554
38556
38562
38568
38569
38573
38588
38589
38622
38623
38642
38647
38649
38650
38659
38720
38725
38745
38769
38778
38848
38859
38873
38877
38920
38924
38925
38928
38929
38946
38948
38950
38951
38959
38961
38963
38964
39044
39045
39061
39067
39086
39094
39095
39108
39117
39119
39140
39146
39152
39156
39160
39166
39177
39179
39192
39337
39338
39339
39352
39354
39361
39366
39422
39423
39451
39455
39456
39483
39573
39633
39641
39645
39647
39661
39663
39664
39665
39669
39740
39745
39747
39767
39769
39776
39829
39836
39861
40009
40011
40036
40046
40050
40057
40075
40078
40115
40119
40140
40143
40145
40152
40153
40157
40171
40178
40374
40445
40456
40460
40759
40763
40808
40810
40813
40819
40824
40826
40840
40858
40874
40914
40935
40939
40946
40964
40972
40983
40988
40995
40997
41010
41040
41043
41049
41083
41098
41124
41132
41135
41159
41164
41201
41219
41226
41232
41257
41317
41339
41348
41351
41352
41385
41425
41464
41472
41534
41632
41712
41713
41714
41721
41731
41743
41745
41754
41759
41762
41763
41766
41776
41777
41804
41819
41821
41834
41836
41847
42031
42032
42048
42083
42085
42124
42131
42133
42166
42167
42349
42361
42378
42634
42712
42724
42729
42732
42740
42757
42776
42782
42784
43156
43158
43438
43440
43446
43456
43754
43787
43805
43824
43843
43902
43983
44651
45132
45616
45658
45682
45685
45686
45688
45724
45744
45745
45746
45786
46146
46150
47016
47038
47108
47118
47135
47145
47163
47175
47235
47574
47841
47847
47868
47946
47952
48001
48748
49309
49342
49611
49639
49673
49725
49728
49736
49747
49757
49759
49777
49782
49818
49819
49831
49838
49873
49895
49947
49950
49969
49970
50052
50068
50074
50108
50155
50254
50264
50275
50551
50590
50836
50837
50843
50848
50859
50861
50862
51003
51033
51447
51545
52044
52048
52072
52075
52079
52212
52569
52581
52583
52619
52623
52644
52701
53806
53827
53942
54014
54104
54128
54210
54213
54422
54437
54459
54462
54517
54524
54540
54556
54557
54564
54565
54626
54655
54657
54759
54766
54813
54820
54827
54828
54830
54835
54850
54854
54859
54862
54865
54896
54968
55606
55607
55703
55704
55724
55732
55750
55752
55763
55765
55766
55771
55772
55781
55785
55798
56020
56037
56136
56142
56147
56330
56338
56357
56469
56517
56519
56522
56553
56569
56575
56583
56626
56628
56629
56639
56657
56661
56662
56669
56673
56681
56686
56688
56711
56720
56722
56729
56755
56756
57052
57067
57217
57232
57235
57236
57242
57255
57257
57258
57260
57270
57321
57329
57335
57337
57340
57341
57344
57345
57356
57358
57363
57370
57371
57373
57375
57379
57381
57382
57383
57385
57420
57424
57434
57435
57437
57440
57449
57452
57455
57460
57466
57467
57470
57471
57473
57475
57481
57520
57521
57523
57534
57536
57537
57540
57541
57543
57544
57547
57551
57552
57553
57555
57560
57562
57567
57569
57571
57574
57579
57584
57585
57620
57622
57623
57625
57626
57630
57633
57634
57636
57639
57641
57642
57644
57646
57648
57649
57651
57652
57657
57658
57659
57660
57661
57714
57716
57720
57722
57724
57725
57735
57737
57738
57748
57752
57755
57756
57758
57760
57762
57763
57764
57767
57772
57775
57780
57787
57790
57791
57792
58009
58013
58016
58017
58030
58033
58056
58058
58061
58062
58063
58065
58069
58212
58216
58229
58233
58236
58239
58244
58254
58277
58281
58318
58321
58323
58329
58331
58339
58343
58351
58357
58361
58365
58369
58374
58377
58381
58382
58385
58386
58413
58416
58418
58422
58423
58424
58426
58429
58431
58438
58439
58440
58443
58445
58451
58456
58460
58463
58466
58467
58472
58475
58478
58480
58481
58483
58486
58487
58488
58490
58494
58496
58520
58521
58528
58529
58530
58531
58532
58533
58535
58541
58542
58562
58563
58566
58569
58570
58572
58580
58581
58620
58627
58630
58632
58634
58636
58641
58642
58644
58646
58647
58649
58650
58651
58652
58653
58654
58656
58712
58718
58723
58734
58735
58736
58737
58741
58750
58755
58760
58769
58771
58772
58773
58776
58778
58779
58783
58787
58788
58789
58792
58794
58830
58833
58835
58838
58844
58845
58847
58852
58856
59002
59003
59008
59010
59011
59015
59016
59019
59022
59024
59025
59028
59032
59033
59038
59039
59041
59046
59050
59052
59053
59054
59055
59057
59058
59059
59061
59062
59064
59066
59067
59069
59070
59071
59072
59074
59075
59076
59077
59078
59084
59085
59086
59087
59211
59213
59214
59215
59221
59222
59223
59225
59226
59240
59241
59242
59243
59244
59247
59250
59252
59253
59256
59257
59258
59259
59260
59262
59274
59275
59276
59311
59312
59313
59314
59315
59316
59317
59318
59319
59322
59324
59326
59327
59332
59336
59337
59339
59341
59343
59344
59345
59347
59349
59351
59353
59354
59410
59411
59416
59418
59419
59420
59421
59430
59432
59433
59435
59440
59444
59446
59447
59448
59450
59451
59453
59456
59460
59462
59463
59464
59466
59467
59469
59471
59479
59480
59483
59484
59520
59523
59524
59525
59527
59528
59529
59530
59531
59532
59537
59538
59540
59542
59545
59546
59547
59633
59641
59642
59647
59648
59720
59721
59727
59728
59731
59732
59733
59736
59739
59745
59750
59758
59762
59820
59823
59826
59827
59829
59832
59837
59844
59845
59848
59853
59854
59859
59866
59867
59868
59874
59913
59920
59925
59928
59930
59934
62001
62037
62053
62074
62262
62280
62323
62344
62355
62443
62460
62513
62531
62538
62546
62553
62692
62833
62843
62849
62861
62865
62888
62898
62910
62920
62922
62928
62931
62938
62940
62947
62962
63013
63030
63056
63071
63347
63363
63386
63388
63433
63439
63446
63450
63544
63557
63560
63620
63625
63629
63630
63633
63638
63655
63656
63662
63665
63674
63675
63751
63763
63764
63781
63784
63787
63833
63847
63878
63936
63937
63941
63942
63944
63950
63951
63952
63954
63956
63957
63961
63964
64402
64421
64437
64441
64456
64457
64481
64487
64491
64498
64499
64646
64667
64672
64740
64756
64788
64866
64868
65011
65014
65017
65050
65058
65061
65064
65067
65068
65077
65078
65237
65244
65283
65285
65323
65324
65339
65436
65438
65439
65440
65441
65443
65449
65452
65461
65463
65470
65479
65486
65501
65529
65532
65550
65556
65564
65565
65586
65590
65603
65625
65632
65634
65635
65637
65638
65641
65646
65647
65655
65657
65663
65667
65676
65685
65690
65692
65702
65704
65707
65713
65717
65723
65727
65734
65735
65744
65745
65747
65761
65762
65768
65769
65772
65778
65779
65783
65784
65787
65789
66014
66033
66039
66042
66093
66401
66404
66406
66412
66413
66518
66527
66532
66544
66710
66714
66734
66751
66754
66755
66777
66783
66840
66850
66853
66863
66866
66870
66933
66942
66943
66946
66958
66959
66960
66963
66970
67009
67018
67023
67028
67036
67049
67057
67102
67109
67122
67137
67142
67150
67155
67344
67345
67355
67360
67423
67444
67447
67452
67481
67484
67511
67513
67515
67518
67519
67559
67568
67573
67581
67623
67628
67631
67634
67635
67643
67645
67646
67650
67653
67654
67658
67664
67671
67673
67675
67736
67741
67744
67761
67762
67764
67831
67836
67839
67840
67841
67842
67844
67850
67853
67857
67862
67863
67868
67870
67879
67953
67954
68019
68029
68055
68330
68381
68429
68444
68621
68631
68637
68659
68714
68719
68726
68735
68742
68746
68753
68759
68760
68774
68778
68813
68821
68823
68828
68833
68834
68855
68859
68860
68871
68879
68926
68934
68936
68943
68946
68948
68972
68977
69020
69023
69024
69026
69027
69030
69032
69034
69037
69038
69039
69040
69044
69045
69046
69121
69123
69127
69128
69131
69132
69140
69141
69142
69144
69147
69148
69149
69152
69155
69156
69157
69161
69163
69166
69167
69168
69169
69201
69210
69211
69212
69214
69216
69218
69219
69220
69221
69331
69335
69340
69343
69345
69346
69347
69350
69351
69354
69360
69366
69367
70372
70426
70441
70450
70522
70532
70569
70630
70631
70632
70637
70643
70651
70652
70653
70656
71002
71003
71016
71021
71031
71048
71064
71067
71070
71223
71250
71253
71260
71264
71277
71279
71326
71340
71341
71343
71375
71401
71403
71406
71414
71416
71419
71425
71428
71439
71450
71455
71462
71468
71472
71473
71631
71651
71652
71659
71677
71721
71722
71726
71764
71827
71831
71833
71834
71836
71839
71841
71845
71846
71853
71858
71861
71935
71962
71969
71973
72001
72003
72004
72013
72014
72026
72027
72030
72031
72038
72048
72051
72069
72072
72073
72075
72080
72121
72123
72140
72141
72152
72153
72165
72166
72167
72168
72328
72367
72368
72379
72394
72410
72421
72424
72425
72428
72459
72465
72466
72482
72512
72515
72517
72519
72528
72530
72531
72533
72538
72542
72546
72560
72561
72566
72569
72578
72583
72584
72587
72617
72624
72628
72639
72640
72641
72645
72648
72650
72655
72663
72670
72675
72677
72680
72682
72683
72685
72686
72687
72717
72729
72742
72752
72760
72776
72826
72839
72841
72851
72852
72854
72856
72857
72860
72926
72955
72959
73014
73016
73038
73040
73041
73042
73043
73056
73058
73067
73079
73082
73430
73433
73434
73435
73450
73456
73461
73488
73543
73544
73559
73571
73625
73627
73628
73638
73642
73658
73659
73660
73667
73719
73722
73734
73744
73746
73753
73755
73761
73763
73768
73770
73842
73843
73844
73848
73851
73855
73931
73933
73937
73939
73944
73946
73947
73949
74001
74002
74027
74028
74029
74035
74042
74046
74056
74071
74072
74083
74085
74364
74369
74370
74442
74455
74457
74521
74523
74525
74528
74529
74531
74536
74538
74543
74549
74552
74555
74556
74557
74558
74559
74560
74562
74563
74569
74571
74572
74574
74576
74650
74721
74735
74736
74738
74748
74753
74755
74756
74759
74760
74761
74766
74826
74839
74845
74867
74871
74878
74930
74931
74935
74937
74939
74942
74949
74957
74962
74963
74966
75105
75109
75153
75157
75410
75416
75417
75431
75432
75433
75436
75450
75476
75477
75479
75480
75492
75554
75555
75558
75559
75560
75565
75630
75631
75639
75651
75661
75666
75669
75681
75683
75692
75760
75764
75770
75772
75778
75785
75792
75833
75838
75847
75850
75851
75852
75862
75865
75926
75928
75929
75930
75931
75932
75933
75938
75943
75944
75946
75948
75959
75960
75973
75974
75977
75980
76093
76241
76246
76251
76255
76263
76363
76388
76429
76433
76444
76449
76452
76453
76459
76463
76464
76472
76518
76525
76531
76538
76565
76566
76626
76636
76641
76651
76656
76682
76686
76687
76690
76693
76803
76820
76824
76827
76828
76831
76832
76836
76841
76845
76848
76849
76852
76853
76854
76856
76858
76859
76869
76870
76871
76872
76873
76878
76880
76882
76884
76885
76887
76888
76930
76939
76950
76953
76955
77368
77404
77428
77430
77431
77444
77460
77468
77482
77597
77612
77616
77622
77623
77624
77661
77663
77664
77830
77831
77853
77863
77865
77961
77969
77970
77973
77989
77993
78005
78008
78011
78014
78019
78021
78024
78027
78058
78072
78074
78104
78344
78349
78353
78360
78369
78376
78536
78547
78563
78564
78588
78591
78607
78608
78618
78632
78636
78643
78663
78675
78677
78828
78829
78830
78833
78836
78837
78851
78860
78871
78873
78880
78884
78932
78933
78935
78940
78946
78948
78949
78950
78953
78956
78959
79002
79010
79011
79014
79018
79034
79040
79046
79051
79056
79057
79058
79062
79078
79080
79083
79087
79093
79094
79220
79223
79229
79230
79231
79234
79239
79248
79251
79259
79324
79330
79345
79351
79376
79503
79518
79537
79540
79548
79566
79713
79721
79730
79734
79739
79741
79748
79754
79755
79759
79770
79778
79789
79837
79842
79846
79847
79854
80101
80103
80423
80432
80434
80440
80447
80448
80449
80455
80456
80459
80468
80479
80480
80481
80510
80515
80536
80643
80649
80652
80727
80729
80732
80735
80736
80743
80744
80745
80749
80754
80755
80801
80802
80804
80805
80816
80818
80820
80823
80824
80825
80827
80830
80832
80833
80834
80861
80862
80864
80926
81019
81020
81021
81023
81024
81025
81027
81029
81033
81034
81040
81041
81044
81045
81049
81057
81059
81069
81071
81077
81081
81084
81089
81090
81091
81124
81126
81133
81138
81143
81149
81151
81152
81155
81220
81223
81231
81232
81243
81252
81320
81324
81325
81331
81431
81434
81522
81523
81527
81610
81624
81638
81640
81650
81652
82051
82052
82053
82055
82058
82061
82081
82083
82084
82190
82210
82213
82217
82218
82219
82222
82223
82224
82229
82243
82244
82310
82322
82329
82334
82422
82428
82433
82442
82512
82514
82620
82630
82635
82638
82639
82642
82646
82701
82710
82712
82714
82715
82720
82721
82723
82725
82727
82729
82730
82731
82831
82835
82837
82840
82844
82932
82933
82934
82936
82938
82941
82945
83013
83111
83113
83212
83213
83215
83227
83229
83235
83243
83244
83246
83250
83253
83255
83278
83281
83283
83285
83302
83320
83327
83342
83346
83425
83446
83462
83463
83464
83465
83466
83469
83523
83524
83525
83526
83533
83537
83539
83541
83542
83543
83546
83547
83552
83553
83554
83604
83610
83612
83622
83636
83650
83657
83666
83670
83802
83808
83823
83824
83826
83827
83847
83856
83860
83866
83870
84023
84024
84027
84034
84046
84052
84055
84064
84313
84329
84336
84510
84512
84515
84516
84523
84529
84531
84534
84536
84537
84539
84626
84649
84714
84716
84726
84728
84731
84733
84735
84743
84746
84753
84756
84761
84773
85192
85264
85322
85328
85332
85333
85341
85342
85347
85348
85354
85360
85530
85547
85553
85554
85609
85610
85611
85619
85625
85632
85633
85634
85736
85911
85920
85922
85924
85927
85928
85932
85933
85936
85937
85940
86020
86021
86022
86024
86030
86033
86034
86035
86038
86043
86044
86053
86054
86320
86321
86332
86337
86338
86411
86432
86437
86438
86441
86443
86444
86445
86502
86505
86506
86507
86508
86511
86512
86520
86538
86544
86545
86547
86556
87005
87011
87012
87013
87016
87018
87025
87026
87027
87029
87032
87036
87040
87045
87046
87056
87061
87063
87070
87305
87310
87311
87313
87315
87317
87321
87323
87326
87357
87364
87412
87419
87455
87461
87510
87512
87513
87515
87517
87518
87520
87521
87524
87528
87530
87538
87539
87543
87549
87551
87556
87562
87564
87565
87573
87575
87577
87579
87580
87581
87710
87712
87713
87714
87718
87728
87730
87731
87733
87734
87735
87742
87743
87745
87746
87749
87750
87752
87820
87821
87824
87827
87829
87832
87935
87939
87943
88009
88020
88022
88025
88026
88031
88034
88038
88041
88042
88045
88049
88051
88053
88055
88058
88062
88112
88113
88114
88115
88116
88119
88120
88121
88123
88125
88126
88133
88134
88135
88136
88213
88254
88262
88301
88316
88318
88321
88340
88344
88347
88354
88410
88411
88414
88415
88417
88418
88419
88421
88422
88427
88430
88431
88436
88439
89001
89006
89008
89010
89017
89022
89039
89041
89043
89046
89047
89049
89124
89161
89310
89311
89316
89317
89404
89405
89407
89409
89412
89414
89415
89418
89420
89421
89424
89425
89426
89427
89438
89510
89815
89821
89823
89830
89831
89833
89834
91905
91962
91963
92066
92070
92086
92257
92267
92280
92283
92304
92305
92309
92323
92328
92329
92332
92347
92365
92368
92389
92536
92539
92561
93207
93222
93226
93251
93252
93255
93260
93265
93271
93283
93285
93287
93426
93435
93453
93502
93504
93513
93517
93518
93519
93527
93530
93541
93544
93558
93563
93601
93602
93605
93608
93623
93624
93627
93641
93643
93651
93653
93664
93667
93675
93920
93932
93954
94020
94060
94567
94586
94972
95043
95140
95224
95226
95227
95230
95232
95245
95246
95254
95255
95257
95311
95333
95345
95346
95364
95369
95375
95383
95389
95412
95417
95421
95429
95441
95450
95454
95459
95465
95466
95468
95480
95488
95494
95511
95514
95545
95549
95550
95568
95595
95629
95634
95635
95636
95645
95651
95659
95684
95701
95715
95720
95721
95735
95910
95914
95915
95916
95919
95920
95922
95925
95939
95942
95944
95984
96008
96010
96011
96014
96017
96023
96024
96031
96034
96039
96044
96047
96048
96050
96051
96056
96058
96059
96061
96064
96065
96070
96075
96076
96085
96086
96091
96104
96105
96112
96114
96115
96116
96117
96119
96123
96127
96132
96136
96142
97001
97021
97028
97029
97033
97040
97063
97118
97125
97143
97324
97326
97329
97342
97343
97345
97346
97357
97390
97406
97429
97447
97451
97476
97493
97534
97538
97541
97543
97621
97622
97623
97624
97625
97626
97630
97634
97638
97639
97710
97712
97721
97722
97732
97733
97735
97736
97750
97751
97752
97758
97761
97813
97817
97819
97823
97824
97825
97830
97834
97837
97842
97848
97856
97859
97864
97868
97874
97880
97883
97884
97904
97905
97908
97910
97911
97920
98013
98070
98222
98224
98236
98243
98245
98249
98250
98253
98260
98261
98262
98279
98280
98281
98283
98286
98293
98297
98303
98326
98330
98361
98381
98526
98539
98552
98559
98560
98575
98580
98583
98602
98621
98640
98643
98650
98817
98830
98832
98834
98845
98853
98859
98921
98925
98929
99009
99013
99017
99018
99029
99030
99032
99040
99105
99115
99116
99117
99119
99122
99123
99124
99129
99130
99131
99134
99136
99137
99138